$ 0 0.000005 10.20027730826997 50 5 50 5e-11
g 448 400 448 416 0 0
R 528 400 528 464 0 0 40 5 0 0 0.5
w 512 352 480 352 0
w 480 352 480 288 0
w 464 352 480 352 0
w 480 400 496 400 0
w 480 448 480 400 0
f 464 352 464 400 32 1.5 0.02
f 512 352 512 400 33 1.5 0.02
w 400 384 432 384 0
M 896 384 976 384 0 2.5
w 336 384 336 336 0
w 336 384 368 384 0
w 304 384 336 384 0
w 384 288 480 288 0
w 384 448 480 448 0
L 192 384 176 384 0 0 false 5 0
L 240 288 176 288 0 0 false 5 0
w 384 288 240 288 0
w 384 320 384 288 0
w 432 464 432 384 0
w 256 464 432 464 0
w 256 384 256 464 0
w 272 384 256 384 0
w 304 320 384 320 0
w 304 448 384 448 0
f 384 448 384 384 0 1.5 0.02
f 384 320 384 384 1 1.5 0.02
w 272 384 272 432 0
w 272 336 272 384 0
w 304 384 304 416 0
w 304 352 304 384 0
f 272 432 304 432 0 1.5 0.02
f 272 336 304 336 1 1.5 0.02
w 192 384 256 384 0
w 336 336 560 336 0
w 672 384 896 384 0
w 576 432 592 432 0
f 608 384 640 384 1 1.5 0.02
f 608 480 640 480 0 1.5 0.02
w 640 400 640 432 0
w 640 432 640 464 0
w 608 384 608 432 0
w 608 432 608 480 0
f 720 368 720 432 1 1.5 0.02
f 720 496 720 432 0 1.5 0.02
w 640 496 720 496 0
w 640 368 720 368 0
w 608 432 592 432 0
w 592 432 592 512 0
w 592 512 768 512 0
w 768 512 768 432 0
w 720 368 720 336 0
w 720 336 560 336 0
w 720 496 816 496 0
w 720 336 816 336 0
w 640 432 672 432 0
w 672 432 704 432 0
w 672 432 672 384 0
w 736 432 768 432 0
f 848 400 848 448 33 1.5 0.02
f 800 400 800 448 32 1.5 0.02
w 816 496 816 448 0
w 816 448 832 448 0
w 800 400 816 400 0
w 816 400 816 336 0
w 848 400 816 400 0
R 864 448 864 512 0 0 40 5 0 0 0.5
g 784 448 784 464 0 0
L 576 432 576 256 0 0 false 5 0
w 192 544 192 576 0
R 352 608 352 544 0 0 40 5 0 0 0.5
w 352 608 352 656 0
w 304 576 240 576 0
g 176 656 160 656 0 0
w 224 720 256 720 0
w 288 720 256 720 0
w 208 672 256 672 0
w 304 672 256 672 0
w 256 656 256 672 0
w 320 720 352 720 0
w 176 720 192 720 0
w 176 720 176 656 0
f 208 672 208 720 0 1.5 0.02
f 304 672 304 720 33 1.5 0.02
w 352 720 352 656 0
f 240 576 240 656 0 1.5 0.02
f 192 576 192 656 0 1.5 0.02
w 208 656 224 656 0
f 304 576 304 656 33 1.5 0.02
w 256 656 288 656 0
w 320 656 352 656 0
f 304 544 304 608 33 1.5 0.02
w 320 608 352 608 0
w 288 608 288 656 0
w 192 544 304 544 0
w 560 544 672 544 0
w 656 608 656 656 0
w 688 608 720 608 0
f 672 544 672 608 33 1.5 0.02
w 688 656 720 656 0
w 624 656 656 656 0
f 672 576 672 656 33 1.5 0.02
w 576 656 592 656 0
f 560 576 560 656 0 1.5 0.02
f 608 576 608 656 0 1.5 0.02
w 720 720 720 656 0
f 672 672 672 720 33 1.5 0.02
f 576 672 576 720 0 1.5 0.02
w 544 720 544 656 0
w 544 720 560 720 0
w 688 720 720 720 0
w 624 656 624 672 0
w 672 672 624 672 0
w 576 672 624 672 0
w 656 720 624 720 0
w 592 720 624 720 0
g 544 720 528 720 0 0
w 672 576 608 576 0
w 720 608 720 656 0
R 720 608 720 544 0 0 40 5 0 0 0.5
w 560 544 560 576 0
w 240 576 240 288 0
w 608 576 608 432 0
w 560 544 560 336 0
w 192 384 192 544 0
f 480 560 480 656 33 1.5 0.02
f 400 672 400 720 0 1.5 0.02
w 384 720 368 720 0
w 368 656 368 720 0
g 368 656 352 656 0 0
f 384 608 384 656 0 1.5 0.02
w 448 608 384 608 0
f 384 560 384 592 0 1.5 0.02
g 368 592 368 608 0 0
w 400 592 416 592 0
w 416 656 416 592 0
w 400 656 416 656 0
w 400 672 416 672 0
w 416 656 416 672 0
w 384 560 480 560 0
f 448 608 448 656 33 1.5 0.02
w 416 656 432 656 0
w 496 656 496 720 0
f 464 656 464 720 33 1.5 0.02
w 480 720 496 720 0
w 432 720 416 720 0
R 496 656 512 656 0 0 40 5 0 0 0.5
w 256 720 256 528 0
w 448 608 448 528 0
w 480 528 480 560 0
w 256 528 448 528 0
w 480 528 624 528 0
w 624 720 624 528 0
w 512 496 512 416 0
M 896 416 976 416 0 2.5
w 896 416 512 416 0
w 432 720 448 720 0
w 432 720 432 496 0
w 432 496 512 496 0
