$ 0 0.000005 10.20027730826997 50 5 50 5e-11
f 224 128 256 128 1 1.5 0.02
f 224 224 256 224 0 1.5 0.02
w 256 144 256 176 0
w 256 176 256 208 0
w 224 128 224 176 0
w 224 176 224 224 0
f 336 112 336 176 1 1.5 0.02
f 336 240 336 176 0 1.5 0.02
w 256 240 336 240 0
w 256 112 336 112 0
w 224 176 208 176 0
w 208 176 208 272 0
w 208 272 384 272 0
w 384 272 384 176 0
w 336 112 336 80 0
w 336 80 208 80 0
L 208 80 192 80 0 0 false 5 0
L 208 176 192 176 0 0 false 5 0
w 336 240 432 240 0
w 336 80 432 80 0
w 256 176 288 176 0
w 288 176 320 176 0
w 288 176 288 256 0
M 288 256 288 304 0 2.5
w 352 176 384 176 0
x 403 -177 447 -174 4 20 nand
f 416 -112 480 -112 1 1.5 0.02
f 416 -48 480 -48 0 1.5 0.02
w 480 -96 480 -64 0
M 480 -96 512 -96 0 2.5
f 416 0 480 0 0 1.5 0.02
w 480 -32 480 -16 0
g 480 16 480 48 0 0
w 416 -112 416 -48 0
f 384 -112 432 -112 1 1.5 0.02
w 432 -160 432 -128 0
w 432 -160 480 -160 0
w 480 -160 480 -128 0
R 432 -160 368 -160 0 0 40 5 0 0 0.5
w 384 -112 384 0 0
w 384 0 416 0 0
L 416 -48 352 -48 0 0 false 5 0
L 384 0 352 0 0 0 false 5 0
w 432 -96 480 -96 0
g 560 272 560 304 0 0
R 560 144 560 96 0 0 40 5 0 0 0.5
L 512 208 496 208 0 0 false 5 0
w 512 208 512 256 0
w 512 160 512 208 0
f 512 256 560 256 0 1.5 0.02
f 512 160 560 160 1 1.5 0.02
L 224 -64 160 -64 0 0 false 5 0
L 176 -96 160 -96 0 0 false 5 0
w 176 -96 224 -96 0
w 176 -96 176 0 0
w 224 -64 224 0 0
g 272 16 272 48 0 0
g 208 16 208 48 0 0
w 208 -32 272 -32 0
w 208 -32 208 -16 0
f 176 0 208 0 0 1.5 0.02
M 272 -32 288 -32 0 2.5
f 224 0 272 0 0 1.5 0.02
w 272 -32 272 -16 0
w 272 -48 272 -32 0
f 224 -64 272 -64 1 1.5 0.02
R 272 -112 288 -112 0 0 40 5 0 0 0.5
f 224 -96 272 -96 1 1.5 0.02
f 464 144 464 192 33 1.5 0.02
f 416 144 416 192 32 1.5 0.02
w 432 240 432 192 0
w 432 192 448 192 0
w 416 144 432 144 0
w 432 144 432 80 0
w 464 144 432 144 0
R 480 192 480 256 0 0 40 5 0 0 0.5
g 400 192 400 208 0 0
M 560 208 592 208 0 2.5
w 560 176 560 208 0
w 560 208 560 240 0
w 640 -96 688 -96 0
L 592 0 560 0 0 0 false 5 0
L 624 -48 560 -48 0 0 false 5 0
w 592 0 624 0 0
w 592 -112 592 0 0
R 640 -160 576 -160 0 0 40 5 0 0 0.5
w 688 -160 688 -128 0
w 640 -160 688 -160 0
w 640 -160 640 -128 0
f 592 -112 640 -112 1 1.5 0.02
w 624 -112 624 -48 0
g 688 16 688 48 0 0
w 688 -32 688 -16 0
f 624 0 688 0 0 1.5 0.02
w 688 -96 688 -64 0
f 624 -48 688 -48 0 1.5 0.02
f 624 -112 688 -112 1 1.5 0.02
w 752 -64 752 -32 0
w 752 -96 752 -64 0
M 752 -64 784 -64 0 2.5
f 704 -112 752 -112 1 1.5 0.02
f 704 -16 752 -16 0 1.5 0.02
w 704 -112 704 -64 0
w 704 -64 704 -16 0
w 688 -64 704 -64 0
w 688 -160 752 -160 0
w 752 -160 752 -128 0
w 752 0 752 16 0
w 752 16 688 16 0
f 672 128 720 128 1 1.5 0.02
R 720 112 720 96 0 0 40 5 0 0 0.5
f 672 160 720 160 1 1.5 0.02
w 720 176 720 192 0
w 720 192 720 208 0
f 672 224 720 224 0 1.5 0.02
f 624 224 656 224 0 1.5 0.02
w 656 192 656 208 0
w 656 192 720 192 0
g 656 240 656 272 0 0
g 720 240 720 272 0 0
w 672 160 672 224 0
w 624 128 624 224 0
w 624 128 672 128 0
L 624 128 608 128 0 0 false 5 0
L 672 160 608 160 0 0 false 5 0
w 784 240 720 240 0
w 784 224 784 240 0
w 784 112 784 128 0
w 720 112 784 112 0
w 720 192 736 192 0
w 736 192 736 208 0
w 736 144 736 192 0
f 736 208 784 208 0 1.5 0.02
f 736 144 784 144 1 1.5 0.02
M 784 192 816 192 0 2.5
w 784 160 784 192 0
x 652 -182 685 -179 4 20 and
x 674 295 691 298 4 20 or
x 203 -128 231 -125 4 20 nor
x 309 293 336 296 4 20 xor
x 517 337 544 340 4 20 not
